1069,1.0
1069,1.0 9204,1.0
1069,1.77815
1069,1.69897
1069,1.60206
1069,1.0
1069,1.0 9204,1.0
1069,1.69897
1069,1.30103
797,1.47712 1069,1.30103 9036,1.60206 9204,1.47712 13089,1.47712
797,1.47712 1069,1.77815 9036,2.14613 9204,1.69897 13089,1.47712
1069,1.30103
1069,1.0
1069,1.0
1069,1.30103
1069,1.69897 9036,1.90309 9204,1.30103 13089,1.30103
1069,1.30103
1069,1.30103
1069,1.30103
1069,1.30103
1069,1.30103
1069,1.0
1069,1.0
1069,1.30103
1069,1.30103
1069,1.47712
1069,1.60206 9204,1.0
1069,1.69897
1069,1.0
1069,1.0
1069,1.30103
797,1.30103 1069,1.0 9036,1.30103 13089,1.0
797,1.47712 1069,1.0 9036,1.60206 9204,1.0 13089,1.30103
1069,1.0
1069,1.47712
1069,1.30103
1069,1.30103 9036,1.0
1069,1.30103
1069,1.47712
1069,1.0
1069,1.69897
1069,1.47712 9036,1.0 9204,1.0 13089,1.0
1069,1.0
1069,1.0
1069,1.30103
1069,1.47712
1069,1.0
797,1.47712 1069,1.77815 9036,1.69897 9204,1.47712 13089,1.60206
1069,1.30103
1069,1.47712
1069,1.47712
1069,1.30103
1069,1.0
1069,1.30103 9036,1.0 9204,1.0
1069,1.0 13089,1.0
1069,1.30103
797,1.47712 1069,1.69897 9036,1.77815
1069,1.0
1069,1.0
1069,1.30103
1069,1.0
1069,1.0
1069,1.0
1069,1.0
1069,1.0 9036,1.0
797,1.0 1069,1.0
797,1.0 1069,1.0 1855,1.30103 9036,1.30103
1069,1.0
1069,1.0
1069,1.0 9204,1.47712
797,1.0 1069,1.0 9204,1.0 13089,1.0
1069,1.0 9036,1.47712 9204,1.0
1069,1.0
1069,1.0
1069,1.0 9036,1.0
1069,1.0
1069,1.0
797,1.0 1069,1.0
1069,1.0 9036,1.30103 13089,1.0
797,1.0 1069,1.0 9036,1.0
1069,1.0
1069,1.0
1069,1.0
1069,1.0
1069,1.0
1855,1.30103
1855,1.30103
1855,1.30103
1855,1.30103 9036,1.30103
1855,1.30103
797,1.0 1855,1.30103
1855,1.30103
1855,1.30103
1855,1.30103 9036,1.8451
9204,1.47712
9204,1.47712
9204,1.47712
9204,1.47712
9204,1.60206
9204,1.0
797,1.30103 9036,1.30103 9204,1.0 13089,1.0
9204,1.0
797,1.47712 9036,2.04139 9204,1.0 13089,1.30103
797,1.0 9036,1.0 9204,1.30103
9204,1.0
797,1.30103 9036,1.77815 9204,1.60206 13089,1.0
9204,1.0 13089,1.0
797,1.0 9204,1.30103
9204,1.0
9204,1.0
9204,1.0
9204,1.0
9204,1.0
9204,1.0
9204,1.0
9204,1.30103 13089,1.0
9204,1.47712
9204,1.30103
9204,1.30103
9204,1.30103
9204,1.30103
9204,1.0
9204,1.0
9204,1.0
9204,1.0
9036,1.0 9204,1.0
9204,1.0
9204,1.0
797,1.0 9204,1.0
9204,1.0
9204,1.0
9204,1.0
9204,1.0
9204,1.0
9204,1.0
9204,1.0
9204,1.0
9204,1.0
9204,1.0
9204,1.0
9204,1.0
797,1.30103
797,1.30103
797,1.30103 13089,1.30103
797,1.69897
797,1.30103
797,1.77815
797,1.30103
797,1.0 9036,1.0
797,1.30103
797,1.30103
797,1.0
797,1.0
797,1.0
797,1.0
797,1.0
797,1.0
797,1.0
797,1.0 9036,1.30103 13089,1.30103
797,1.0
797,1.0
797,1.0
797,1.0
797,1.0
797,1.0
797,1.0
797,1.0 9036,1.0
797,1.0
797,1.0
797,1.0
797,1.30103 9036,1.69897
797,1.0
797,1.0
797,1.0
797,1.0
797,1.0
797,1.0
797,1.0
797,1.0
797,1.0
797,1.0
797,1.0
13089,1.47712
13089,1.30103
13089,1.0
13089,1.0
9036,1.0 13089,1.0
13089,1.0
13089,1.30103
13089,1.30103
13089,1.0
13089,1.30103
13089,1.0
13089,1.0
13089,1.0
13089,1.0
13089,1.0
13089,1.0
9036,1.30103 13089,1.0
13089,1.0
13089,1.0
9036,1.30103 13089,1.0
13089,1.30103
13089,1.0
13089,1.0
9036,1.0 13089,1.0
13089,1.0
13089,1.0
13089,1.0
13089,1.0
13089,1.0
13089,1.0
13089,1.0
13089,1.0
13089,1.0
13089,1.0
9036,1.77815
9036,1.0
9036,1.0
9036,1.0
9036,1.0
9036,1.47712
9036,1.0
9036,1.0
9036,1.30103
9036,1.30103
9036,1.60206
9036,1.30103
9036,1.30103
9036,1.60206
9036,1.30103
9036,1.0
9036,1.0
9036,1.0
9036,1.30103
9036,1.30103
9036,1.0
9036,1.30103
9036,1.30103
9036,1.0
9036,1.0
9036,1.30103
9036,1.0
9036,1.0
9036,1.0
9036,1.0
9036,1.30103
9036,1.0
9036,1.30103
9036,1.0
9036,1.0
9036,1.0
9036,1.0
9036,1.30103
9036,1.0
9036,1.0
9036,1.0
9036,1.0
9036,1.0
9036,1.0
9036,1.0
9036,1.0
9036,1.0
9036,1.0
9036,1.0
9036,1.0
9036,1.0
9036,1.30103
9036,1.30103
9036,1.0
9036,1.0
9036,1.0
9036,1.0
9036,1.0
9036,1.0
9036,1.0
9036,1.0
9036,1.0
9036,1.0
